25192047
31275126
31499018
36318699
37096027
37400096
38304383
38597207
38694854
38769886
38797209
39675447
39904635
42272271
42731684
43255050
44173748
44173814
44499405
45111654
45922064
46285754
46307220
46319510
46695656
46712525
46780377
46790746
46815452
46815699
46819442
46851284
46937219
46979969
47031300
47033336
47039886
47040457
47048579
47049525
47062871
47064284
47065580
47075581
47083562
47088518
47088546
47088573
47088605
47090933
47107695
47107854
47123266
47128201
47146841
47146862
47146896
47146936
47147007
47147268
47147465
47148011
47149575
47165035
47185127
47189253
47238557
47238586
47238618
47286172
47286201
47286257
47286610
47287138
47334620
47334687
47335635
47389166
47482165
47484025
47484341
47523049